
power = 753.159296769423
throughput = 1026.70
composite = 879.356952547238
